 x = [ 0 0.01 0.02 0.03 0.04 0.05 0.06 0.07 0.08 0.09 0.1 0.11 0.12 0.13 0.14 0.15 0.16 0.17 0.18 0.19 0.2 0.21 0.22 0.23 0.24 0.25 0.26 0.27 0.28 0.29 0.3 0.31 0.32 0.33 0.34 0.35 0.36 0.37 0.38 0.39 0.4 0.41 0.42 0.43 0.44 0.45 0.46 0.47 0.48 0.49 0.5 0.51 0.52 0.53 0.54 0.55 0.56 0.57 0.58 0.59 0.6 0.61 0.62 0.63 0.64 0.65 0.66 0.67 0.68 0.69 0.7 0.71 0.72 0.73 0.74 0.75 0.76 0.77 0.78 0.79 0.8 0.810000000000001 0.820000000000001 0.830000000000001 0.840000000000001 0.850000000000001 0.860000000000001 0.870000000000001 0.880000000000001 0.890000000000001 0.900000000000001 0.910000000000001 0.920000000000001 0.930000000000001 0.940000000000001 0.950000000000001 0.960000000000001 0.970000000000001 0.980000000000001 0.990000000000001 1 1.01 1.02 1.03 1.04 1.05 1.06 1.07 1.08 1.09 1.1 1.11 1.12 1.13 1.14 1.15 1.16 1.17 1.18 1.19 1.2 1.21 1.22 1.23 1.24 1.25 1.26 1.27 1.28 1.29 1.3 1.31 1.32 1.33 1.34 1.35 1.36 1.37 1.38 1.39 1.4 1.41 1.42 1.43 1.44 1.45 1.46 1.47 1.48 1.49 1.5 1.51 1.52 1.53 1.54 1.55 1.56 1.57 1.58 1.59 1.6 1.61 1.62 1.63 1.64 1.65 1.66 1.67 1.68 1.69 1.7 1.71 1.72 1.73 1.74 1.75 1.76 1.77 1.78 1.79 1.8 1.81 1.82 1.83 1.84 1.85 1.86 1.87 1.88 1.89 1.9 1.91 1.92 1.93 1.94 1.95 1.96 1.97 1.98 1.99 2 2.01 2.02 2.03 2.04 2.05 2.06 2.07 2.08 2.09 2.1 2.11 2.12 2.13 2.14 2.15 2.16 2.17 2.18 2.19 2.2 2.21 2.22 2.23 2.24 2.25 2.26 2.27 2.28 2.29 2.29999999999999 2.30999999999999 2.31999999999999 2.32999999999999 2.33999999999999 2.34999999999999 2.35999999999999 2.36999999999999 2.37999999999999 2.38999999999999 2.39999999999999 2.40999999999999 2.41999999999999 2.42999999999999 2.43999999999999 2.44999999999999 2.45999999999999 2.46999999999999 2.47999999999999 2.48999999999999 2.49999999999999 2.50999999999999 2.51999999999999 2.52999999999999 2.53999999999999 2.54999999999999 2.55999999999999 2.56999999999999 2.57999999999999 2.58999999999999 2.59999999999999 2.60999999999999 2.61999999999999 2.62999999999999 2.63999999999999 2.64999999999999 2.65999999999999 2.66999999999999 2.67999999999999 2.68999999999999 2.69999999999999 2.70999999999999 2.71999999999999 2.72999999999999 2.73999999999999 2.74999999999999 2.75999999999999 2.76999999999998 2.77999999999998 2.78999999999998 2.79999999999998 2.80999999999998 2.81999999999998 2.82999999999998 2.83999999999998 2.84999999999998 2.85999999999998 2.86999999999998 2.87999999999998 2.88999999999998 2.89999999999998 2.90999999999998 2.91999999999998 2.92999999999998 2.93999999999998 2.94999999999998 2.95999999999998 2.96999999999998 2.97999999999998 2.98999999999998 2.99999999999998 3.00999999999998 3.01999999999998 3.02999999999998 3.03999999999998 3.04999999999998 3.05999999999998 3.06999999999998 3.07999999999998 3.08999999999998 3.09999999999998 3.10999999999998 3.11999999999998 3.12999999999998 3.13999999999998 3.14999999999998 3.15999999999998 3.16999999999998 3.17999999999998 3.18999999999998 3.19999999999998 3.20999999999998 3.21999999999998 3.22999999999998 3.23999999999997 3.24999999999997 3.25999999999997 3.26999999999997 3.27999999999997 3.28999999999997 3.29999999999997 3.30999999999997 3.31999999999997 3.32999999999997 3.33999999999997 3.34999999999997 3.35999999999997 3.36999999999997 3.37999999999997 3.38999999999997 3.39999999999997 3.40999999999997 3.41999999999997 3.42999999999997 3.43999999999997 3.44999999999997 3.45999999999997 3.46999999999997 3.47999999999997 3.48999999999997 3.49999999999997 3.50999999999997 3.51999999999997 3.52999999999997 3.53999999999997 3.54999999999997 3.55999999999997 3.56999999999997 3.57999999999997 3.58999999999997 3.59999999999997 3.60999999999997 3.61999999999997 3.62999999999997 3.63999999999997 3.64999999999997 3.65999999999997 3.66999999999997 3.67999999999997 3.68999999999997 3.69999999999997 3.70999999999996 3.71999999999996 3.72999999999996 3.73999999999996 3.74999999999996 3.75999999999996 3.76999999999996 3.77999999999996 3.78999999999996 3.79999999999996 3.80999999999996 3.81999999999996 3.82999999999996 3.83999999999996 3.84999999999996 3.85999999999996 3.86999999999996 3.87999999999996 3.88999999999996 3.89999999999996 3.90999999999996 3.91999999999996 3.92999999999996 3.93999999999996 3.94999999999996 3.95999999999996 3.96999999999996 3.97999999999996 3.98999999999996 3.99999999999996 4.00999999999996 4.01999999999996 4.02999999999996 4.03999999999996 4.04999999999996 4.05999999999996 4.06999999999996 4.07999999999996 4.08999999999996 4.09999999999996 4.10999999999996 4.11999999999996 4.12999999999996 4.13999999999996 4.14999999999996 4.15999999999996 4.16999999999996 4.17999999999996 4.18999999999996 4.19999999999995 4.20999999999995 4.21999999999995 4.22999999999995 4.23999999999995 4.24999999999995 4.25999999999995 4.26999999999995 4.27999999999995 4.28999999999995 4.29999999999995 4.30999999999995 4.31999999999995 4.32999999999995 4.33999999999995 4.34999999999995 4.35999999999995 4.36999999999995 4.37999999999995 4.38999999999995 4.39999999999995 4.40999999999995 4.41999999999995 4.42999999999995 4.43999999999995 4.44999999999995 4.45999999999995 4.46999999999995 4.47999999999995 4.48999999999995 4.49999999999995 4.50999999999995 4.51999999999995 4.52999999999995 4.53999999999995 4.54999999999995 4.55999999999995 4.56999999999995 4.57999999999995 4.58999999999995 4.59999999999995 4.60999999999995 4.61999999999995 4.62999999999995 4.63999999999995 4.64999999999995 4.65999999999995 4.66999999999994 4.67999999999994 4.68999999999994 4.69999999999994 4.70999999999994 4.71999999999994 4.72999999999994 4.73999999999994 4.74999999999994 4.75999999999994 4.76999999999994 4.77999999999994 4.78999999999994 4.79999999999994 4.80999999999994 4.81999999999994 4.82999999999994 4.83999999999994 4.84999999999994 4.85999999999994 4.86999999999994 4.87999999999994 4.88999999999994 4.89999999999994 4.90999999999994 4.91999999999994 4.92999999999994 4.93999999999994 4.94999999999994 4.95999999999994 4.96999999999994 4.97999999999994 4.98999999999994 4.99999999999994 5.00999999999994 5.01999999999994 5.02999999999994 5.03999999999994 5.04999999999994 5.05999999999994 5.06999999999994 5.07999999999994 5.08999999999994 5.09999999999994 5.10999999999994 5.11999999999994 5.12999999999994 5.13999999999993 5.14999999999993 5.15999999999993 5.16999999999993 5.17999999999993 5.18999999999993 5.19999999999993 5.20999999999993 5.21999999999993 5.22999999999993 5.23999999999993 5.24999999999993 5.25999999999993 5.26999999999993 5.27999999999993 5.28999999999993 5.29999999999993 5.30999999999993 5.31999999999993 5.32999999999993 5.33999999999993 5.34999999999993 5.35999999999993 5.36999999999993 5.37999999999993 5.38999999999993 5.39999999999993 5.40999999999993 5.41999999999993 5.42999999999993 5.43999999999993 5.44999999999993 5.45999999999993 5.46999999999993 5.47999999999993 5.48999999999993 5.49999999999993 5.50999999999993 5.51999999999993 5.52999999999993 5.53999999999993 5.54999999999993 5.55999999999993 5.56999999999993 5.57999999999993 5.58999999999993 5.59999999999993 5.60999999999992 5.61999999999992 5.62999999999992 5.63999999999992 5.64999999999992 5.65999999999992 5.66999999999992 5.67999999999992 5.68999999999992 5.69999999999992 5.70999999999992 5.71999999999992 5.72999999999992 5.73999999999992 5.74999999999992 5.75999999999992 5.76999999999992 5.77999999999992 5.78999999999992 5.79999999999992 5.80999999999992 5.81999999999992 5.82999999999992 5.83999999999992 5.84999999999992 5.85999999999992 5.86999999999992 5.87999999999992 5.88999999999992 5.89999999999992 5.90999999999992 5.91999999999992 5.92999999999992 5.93999999999992 5.94999999999992 5.95999999999992 5.96999999999992 5.97999999999992 5.98999999999992 5.99999999999992 6.00999999999992 6.01999999999992 6.02999999999992 6.03999999999992 6.04999999999992 6.05999999999992 6.06999999999992 6.07999999999991 6.08999999999991 6.09999999999991 6.10999999999991 6.11999999999991 6.12999999999991 6.13999999999991 6.14999999999991 6.15999999999991 6.16999999999991 6.17999999999991 