Input
0.0254,0.003175,0.0127,0.0015875
0.0254,0.003175,0.0127,0.0238125
0.003175,0.01905,0.0015875,0.0127
-----------------------
Height: 0.0254 Breadth: 0.053975
Ixtot : 2.18819580841146E-08 Iytot  : 1.41542950089548E-08
C.G.  :(0.00966931818181818,0.0127)
INDEX : [1]

(b,h)=(0.0254,0.003175) 
(cx,cy)=(0.0127,0.0015875)
(rx,ry)=(0.00303068181818182,-0.0111125)
A:     8.06450E-005
Ix:    6.77460E-011
Iy:    4.33574E-009
Arx2:  9.95866E-009
Ary2:  9.95866E-009
Ix_:  1.00264E-008
Iy_:  5.07647E-009

--------------------------------------
INDEX : [2]

(b,h)=(0.0254,0.003175) 
(cx,cy)=(0.0127,0.0238125)
(rx,ry)=(0.00303068181818182,0.0111125)
A:     8.06450E-005
Ix:    6.77460E-011
Iy:    4.33574E-009
Arx2:  9.95866E-009
Ary2:  9.95866E-009
Ix_:  1.00264E-008
Iy_:  5.07647E-009

--------------------------------------
INDEX : [3]

(b,h)=(0.003175,0.01905) 
(cx,cy)=(0.0015875,0.0127)
(rx,ry)=(-0.00808181818181818,-1.73472347597681E-18)
A:     6.04838E-005
Ix:    1.82914E-009
Iy:    5.08095E-011
Arx2:  1.82012E-040
Ary2:  1.82012E-040
Ix_:  1.82914E-009
Iy_:  4.00135E-009

--------------------------------------

